"","V507 0","V7101 1","V7104 1","V7112 1","V7115 1","V7118 1","V7127 1","V7097 1","V7133 1","V7139 1","V7142 1","V8451 1","V7426 1","V7121 1","V7124 1","V7164 1","V7145 1","V7109 1","V7152 1","V7155 1","V7158 1","V7161 1","V7601 1","V8480 1","V7221 2","V7552 2","V7551 2","V7553 2","V7562 2","V7563 2","V8512 3","V8502 3","V8505 3","V8509 3","V8514 3","V8536 3","V7501 3","V7507 3","V8565 3","V7202 0","V7215 2","V7206 0","V8517 1","V8526 3","V8527 3","V8528 3","V8529 3","V8530 3","V8531 3","V7112D NA"
"V507",1,0.0125257862664883,0.00180309065300868,0.0342319395637879,0.0109743088881148,0.0178257496573433,0.0153707343396398,0.0121971420384007,0.0167456296523959,0.00447006744950751,0.0112330393683888,0.00237662842348786,0.00631802839750691,0.00848524518797202,0.0214519119630477,0.0122713171065936,0.00498273092368949,-0.0122572553794883,-0.00165793579227762,-0.0012838533121432,0.00864796505498642,-0.000132194719788381,0.00171533489054827,-0.00104442744623319,-0.0690282874350313,-0.00881105182449284,-0.00377251227476367,0.00111363391172735,-0.00140480239768691,0.00471344555927916,-0.00355085357492431,0.0225466788871492,0.00114187368782594,0.0205108903096244,-0.00112512432148916,0.00246446519762167,0.00636133516369167,0.0042038295792577,0.0121008925306548,-0.000120251847148873,-0.0432179882046216,-0.0208656286515204,0.0071407613447192,0.0020649152090182,-0.00218983942129564,0.00160540179979716,0.00364683461894593,0.00631472274988535,0.000266543242185925,0.0342319395637879
"V7101",0.0125257862664883,1,0.401631373941381,0.470810374016649,0.269014651183198,0.299226111595542,0.314825700308416,0.189008140784502,0.288940577118036,0.103365870580958,0.140306770743098,0.0933727801040034,0.100611079031269,0.25334124202346,0.282209592558632,0.0655047770868648,0.15336752132327,0.330357298441633,0.131222165593927,0.130448452358757,0.160957931665603,0.0130338792066907,0.0328203200248418,0.0895840033273036,-0.103039100910518,0.0619071813033584,0.0251390926053439,0.0229764684266648,0.0512789018050064,0.0464206970088189,-0.00854457653830452,0.058170277982278,-0.00989761208161029,0.0554147041341135,-0.0055165223391045,0.0267040558674985,0.0121975465349437,0.00380612359085709,0.0241226029355257,0.0517814603229661,-0.012176759643954,-0.00871301557153536,0.0403383576464042,-0.0135796577326284,-0.000690991918008011,-0.000882954698050959,0.000745055341411023,-0.00883451421452939,0.0246053917511712,0.470810374016649
"V7104",0.00180309065300868,0.401631373941381,1,0.445582839071654,0.258514392056182,0.271972321446368,0.296394746061431,0.188513174537069,0.275125108746052,0.106742368514673,0.140190744295598,0.193025085938566,0.0829598993254428,0.245337038465366,0.261246409081079,0.0614970751233362,0.161389915570056,0.640721709470236,0.135854854923587,0.134200483972923,0.16352680407678,0.0132346267128434,0.0198869745935741,0.185190597071559,-0.0327042440402165,0.0838700596255583,0.0337743688959011,0.0231150633262672,0.0585035664442933,0.0452973727687246,0.0124806411525738,0.0614528264468881,0.00967414721558868,0.0558415845011538,0.0155813891481062,0.0256631404196164,0.0290884315547258,0.0243856767621674,0.0317367155123099,0.0892153921235971,0.0035650376277444,0.0464965813837332,0.0413824001559996,-0.00394429893718837,0.0113971137879811,0.0111437693559379,0.0180541199690553,-0.00342565089740014,0.0405627159684275,0.445582839071654
"V7112",0.0342319395637879,0.470810374016649,0.445582839071654,1,0.399939491225758,0.406074957517542,0.377507348195505,0.213420489076148,0.356440378967449,0.12181970359255,0.138353638186781,0.10364348562278,0.0885644041473469,0.345415413381452,0.362944019303579,0.105667439313896,0.217733919594685,0.41127712921972,0.160207839223797,0.158297719100759,0.227403482745508,0.0242102045715154,0.0341550041868457,0.105562611748455,-0.0891505159825145,0.0638294536653271,0.0284424408526646,0.0238239042171361,0.0579896110454417,0.0522876347309686,0.00710936303007404,0.0646241298214794,0.00494864266070871,0.0615663062349595,0.00971203069688064,0.0182913888054994,0.0216570487566706,0.0159426200427265,0.0250167580170119,0.0715014589665202,0.00352276570152428,0.0110139506574924,0.0418268929150208,-0.0128584106160081,-0.000202520336595252,0.00140320574218696,0.00786917231473348,-0.00893100382593457,0.0266646350047616,1
"V7115",0.0109743088881148,0.269014651183198,0.258514392056182,0.399939491225758,1,0.698382668186913,0.456367323333488,0.275157605318426,0.498372692633369,0.147122268396091,0.150223601722856,0.0465535877314381,0.0767081702076687,0.608786814650814,0.59793934476459,0.169447263708696,0.37800432030852,0.271495385298584,0.277295783561325,0.273573899071305,0.40599115015905,0.0473765813275787,0.0598194443816281,0.0477096285164382,0.0958077401313276,0.0321747334312458,0.0352829925743226,0.032151040765856,0.036776829412274,0.0328250106797711,0.0406053913604513,0.0543191378055958,0.0404653428858338,0.0545636278633818,0.0409358476769467,0.0276678219347019,0.0274507824592397,0.02294094632039,0.0289740858153033,0.149789605123115,0.114014716157619,0.127183230113343,0.0312302743485938,0.0144463910519199,0.0203545456532831,0.0204937917809976,0.0184027563550987,0.0125727933397207,0.0270914343130936,0.399939491225758
"V7118",0.0178257496573433,0.299226111595542,0.271972321446368,0.406074957517542,0.698382668186913,1,0.48922716460023,0.308160310067632,0.515396080046422,0.156573042897816,0.160852206233897,0.0483937132289756,0.0937280976321463,0.598556608510602,0.602433792163678,0.169719838466646,0.380229054179323,0.275002909764628,0.284373861730492,0.282933698808606,0.408223372253021,0.0448710961081453,0.0736624678657695,0.0502202709478058,0.083463590529263,0.0305617191425849,0.0437112711324529,0.0383690423205415,0.0483827031238596,0.0433300669406494,0.0324376651494777,0.0503330074216846,0.0316247686238314,0.0510205740711246,0.0322754119564514,0.023990140201677,0.0247681508491086,0.0200797780173946,0.0246308849654059,0.145414959528683,0.106124016103116,0.119599876487315,0.0307383472764414,0.00748594519982093,0.0149380613973191,0.0145508871847233,0.013335319826809,0.00675252171507933,0.0218333104931694,0.406074957517542
"V7127",0.0153707343396398,0.314825700308416,0.296394746061431,0.377507348195505,0.456367323333488,0.48922716460023,1,0.335160106840074,0.547916226732451,0.15921971996216,0.166219794488239,0.0800291525404311,0.084014059016054,0.481734052196661,0.492026753193974,0.15943758930371,0.360149262544601,0.271719859478925,0.231605726200652,0.229189095915647,0.367170217692262,0.0280868035049114,0.0566645813334646,0.0812780593651922,0.0429234855207702,0.0328776626904204,0.0399763685983833,0.0324965865419124,0.047632943298058,0.044168807730025,0.0266972140382725,0.072789343361447,0.0246044620711083,0.0721385698946071,0.0285399150324737,0.0432325416829115,0.0253616002873122,0.0183065622542465,0.0442764872911265,0.14662994184785,0.0781768140675459,0.0934951292017458,0.0527539368756842,0.0113358010192348,0.0231618903358042,0.0221934945827831,0.0229147829958147,0.0117021016583306,0.0419559805768407,0.377507348195505
"V7097",0.0121971420384007,0.189008140784502,0.188513174537069,0.213420489076148,0.275157605318426,0.308160310067632,0.335160106840074,1,0.347678207894302,0.378645307863537,0.00497446159565992,-0.243517298551561,0.278149426167054,0.307900771021546,0.309259875610721,-0.0589106317011211,0.234961305554818,0.169922474311186,0.81015307502848,0.807788068003005,0.240100662701797,0.135554920462507,0.222099630472624,-0.238081515523068,0.0467962067646374,-0.114168366285632,0.183104470287703,0.175944955151212,0.180609292604974,0.174819560340852,-0.186634787070441,-0.1729245431744,-0.191036174833019,-0.170313365304231,-0.189190310003309,-0.296126982139287,0.118662126618866,0.113093598340319,-0.29438891911133,0.108054899164786,0.0632078360706162,0.0721979494149162,-0.285667222607831,-0.299774217989263,-0.297895072826559,-0.304079015094419,-0.29548605584506,-0.297226383123864,-0.289758824094935,0.213420489076148
"V7133",0.0167456296523959,0.288940577118036,0.275125108746052,0.356440378967449,0.498372692633369,0.515396080046422,0.547916226732451,0.347678207894302,1,0.169510690886365,0.171970632403655,0.0681403311075304,0.0886412780966264,0.53123341761822,0.541293243999273,0.171276573796254,0.420066994556042,0.260219369695927,0.28455467792461,0.281648438795567,0.428393993099703,0.0331244246453565,0.0690255110654858,0.0699373138305023,0.0840717205125895,0.0360111219470169,0.0483749002900579,0.0415803335198897,0.0539341532657173,0.0492582277343444,0.0374592539420859,0.0659013336339532,0.0363080578550128,0.0668268024358436,0.0381638376496029,0.0372201165957293,0.0270219018500265,0.0216896999100647,0.0435578867787835,0.175334014904535,0.103931854598625,0.12486103542081,0.0456858630525619,0.0181152847146063,0.0274151494503384,0.0266615797181676,0.0247098431214815,0.0179593150556507,0.0391530846706747,0.356440378967449
"V7139",0.00447006744950751,0.103365870580958,0.106742368514673,0.12181970359255,0.147122268396091,0.156573042897816,0.15921971996216,0.378645307863537,0.169510690886365,1,0.515965370211881,0.154347265700066,-0.351553974462139,0.165238313296808,0.171716731646132,0.0107488764549251,0.123810886193437,0.103344863589561,0.411405972550612,0.409376227166848,0.130421203028314,0.383149882276894,-0.698737773316495,0.157535008977647,0.0191648969188679,0.494634287640853,-0.587016127075616,-0.580479835982799,-0.571182104691255,-0.563741760359651,0.365137185514847,0.336931429975305,0.368087680304843,0.332432330307769,0.370986034168413,0.121871945632568,0.330906667641492,0.325532326545141,0.124296455654244,0.0455517180948402,0.038841362435218,0.0417563733229708,0.135911604157568,0.125411047306818,0.130228234937659,0.128654844187969,0.130939950527048,0.130638039141694,0.123607120254407,0.12181970359255
"V7142",0.0112330393683888,0.140306770743098,0.140190744295598,0.138353638186781,0.150223601722856,0.160852206233897,0.166219794488239,0.00497446159565992,0.171970632403655,0.515965370211881,1,0.276030173675017,-0.338004568486101,0.180417784666823,0.177425562701304,-0.184647990133145,0.231212876558202,0.118402622202128,-0.0313299179354594,-0.0323176420028853,0.236693977386526,0.220449056898472,-0.568114878062292,0.275450786317836,0.0476358742027808,0.748918145980036,-0.508037864141376,-0.492050891672474,-0.457986509214962,-0.459439279543913,0.369580715371868,0.3780022637705,0.371320407586138,0.370720017873239,0.377135861596772,0.268066108080936,0.195361511974125,0.189786472693937,0.273012405203859,0.108470200341669,0.0691657852956029,0.0843144692189449,0.278260400069394,0.254556613405705,0.261550442611701,0.265024902102648,0.262892473691799,0.256246378042969,0.265139225111392,0.138353638186781
"V8451",0.00237662842348786,0.0933727801040034,0.193025085938566,0.10364348562278,0.0465535877314381,0.0483937132289756,0.0800291525404311,-0.243517298551561,0.0681403311075304,0.154347265700066,0.276030173675017,1,-0.488397420093647,0.0436659114106264,0.0521892359669438,0.353061674008763,0.0575803349831951,0.116845369988888,-0.308520200970064,-0.30820457882954,0.0558837537311799,-0.246740876306179,-0.386850781476775,0.939949344497599,0.0221086429827081,0.291747609500998,-0.324996953321733,-0.321378186147869,-0.316230568896518,-0.312111279616541,0.540074172729592,0.533113276374082,0.548279682901711,0.52358285437415,0.549852326434962,0.748655999633037,-0.217684360913998,-0.215524445809621,0.764307248364981,0.037384534004531,0.0232427375269026,0.0363494059281794,0.7740046694971,0.73326314338075,0.753957116423238,0.762485359639786,0.757219299203702,0.741165070178608,0.751586837801569,0.10364348562278
"V7426",0.00631802839750691,0.100611079031269,0.0829598993254428,0.0885644041473469,0.0767081702076687,0.0937280976321463,0.084014059016054,0.278149426167054,0.0886412780966264,-0.351553974462139,-0.338004568486101,-0.488397420093647,1,0.0800833680802615,0.0884567764377283,0.115043150556631,0.0877387945046679,0.0775259771234349,0.308710337372849,0.30892887879709,0.0923119543099386,-0.375607667324796,0.632662435093558,-0.488089618485268,0.0348234002073286,-0.408113629785797,0.567512105373516,0.561218358374212,0.563692347250817,0.555479375279057,-0.712658017507681,-0.668981393917301,-0.721482201496054,-0.658757927598037,-0.725173356855353,-0.5065502098193,0.363632665165339,0.360499927482966,-0.507576748263595,0.0376768018730329,0.0243161499162911,0.0421986313630573,-0.514627011326693,-0.510866706003414,-0.517100306296153,-0.52271273608903,-0.515874106103864,-0.515469686024115,-0.501636151260706,0.0885644041473469
"V7121",0.00848524518797202,0.25334124202346,0.245337038465366,0.345415413381452,0.608786814650814,0.598556608510602,0.481734052196661,0.307900771021546,0.53123341761822,0.165238313296808,0.180417784666823,0.0436659114106264,0.0800833680802615,1,0.755248003542888,0.16562116603977,0.473205594959776,0.237398053268194,0.351432729266876,0.343420936299526,0.510408994059479,0.0515387167242064,0.0731804879594803,0.0441865135074018,0.137914967533172,0.0388527967611932,0.031539298990053,0.0301419712833086,0.032597630352751,0.0304098581508869,0.0490117339313813,0.0562896195980109,0.0493649986919354,0.0578919761505609,0.0491488384236009,0.031554482068645,0.0319989051964,0.0289621667592692,0.034640688487401,0.191348365424107,0.143528677676215,0.16290674615648,0.0351640652424302,0.0228001434905976,0.0251504975891556,0.0257039401677197,0.0245085054531373,0.0219226714225211,0.0290287848818198,0.345415413381452
"V7124",0.0214519119630477,0.282209592558632,0.261246409081079,0.362944019303579,0.59793934476459,0.602433792163678,0.492026753193974,0.309259875610721,0.541293243999273,0.171716731646132,0.177425562701304,0.0521892359669438,0.0884567764377283,0.755248003542888,1,0.172583440791523,0.440426203592135,0.251007896348534,0.324907029948427,0.323446988988651,0.479770206165994,0.0469495728220406,0.0709069746461177,0.0525850364616891,0.104010242588281,0.0382149526146153,0.0324060271464273,0.0281982542895563,0.0363662507283506,0.0331186236759718,0.0437766870636274,0.0566151321277959,0.0428486288599749,0.0588915883876581,0.0428702316840714,0.0285283884573768,0.0307731000895916,0.0293771182688944,0.0332346417618417,0.171927158049285,0.121996549004583,0.140978930273046,0.0366916246401506,0.0173482571665189,0.0213360714481797,0.0222914011838513,0.020140684599261,0.0173933892315179,0.026922027570361,0.362944019303579
"V7164",0.0122713171065936,0.0655047770868648,0.0614970751233362,0.105667439313896,0.169447263708696,0.169719838466646,0.15943758930371,-0.0589106317011211,0.171276573796254,0.0107488764549251,-0.184647990133145,0.353061674008763,0.115043150556631,0.16562116603977,0.172583440791523,1,0.219436334149021,0.0554388755702292,-0.0860206640147549,-0.0871877821075946,0.228774047833934,-0.626106615225528,-0.0506485631233309,0.353600675502123,0.0568203580752787,-0.253894032771891,-0.0286970618463035,-0.0400612224542707,-0.0602430678922258,-0.0549362332272585,-0.0787210186473243,-0.0626538721458289,-0.0767723940112199,-0.0606248709237323,-0.0807072124455897,0.349130270144611,0.233007768697006,0.228279660302144,0.352315366889323,0.0960526112342307,0.0665493920667375,0.071283912930261,0.360991019920864,0.345965701656304,0.353609121572575,0.357319949371897,0.352427010328027,0.34871409475145,0.34704028535389,0.105667439313896
"V7145",0.00498273092368949,0.15336752132327,0.161389915570056,0.217733919594685,0.37800432030852,0.380229054179323,0.360149262544601,0.234961305554818,0.420066994556042,0.123810886193437,0.231212876558202,0.0575803349831951,0.0877387945046679,0.473205594959776,0.440426203592135,0.219436334149021,1,0.156413457119075,0.260377332440696,0.261056594122521,0.744676493536577,0.0657570905262412,0.107885513097816,0.0573500253613307,0.236909032770673,0.0331520170436968,0.0490660580941315,0.0433279124694705,0.048688759800953,0.0450749242043682,0.0664751306647242,0.0653978786092731,0.0663985863444001,0.0675877630905823,0.0669693470683098,0.0412300154941682,0.0267221574692411,0.0265614713271569,0.0497579347829969,0.294842604895656,0.236950686293405,0.266612397988097,0.0483900035454076,0.0399375640849725,0.0426822428603102,0.0415292183524348,0.0442397654905872,0.0389355614729805,0.0421836619730263,0.217733919594685
"V7109",-0.0122572553794883,0.330357298441633,0.640721709470236,0.41127712921972,0.271495385298584,0.275002909764628,0.271719859478925,0.169922474311186,0.260219369695927,0.103344863589561,0.118402622202128,0.116845369988888,0.0775259771234349,0.237398053268194,0.251007896348534,0.0554388755702292,0.156413457119075,1,0.131086245663752,0.129928092774461,0.162615274661799,0.0213171890397042,0.0166757246941377,0.117253949695858,0.0180912371525372,0.0649640227605655,0.0279784860129567,0.0173774725461473,0.0423102850668137,0.0313548028502428,0.0166608678056008,0.0448109518075416,0.013725880919124,0.0419254392469886,0.0187757880615457,0.0141595138513197,0.0318080958026998,0.028305150682745,0.016224901414959,0.089629637132328,0.0284953790382316,0.0700115830887993,0.0220350031196393,-0.00365654773169244,0.00801551176422669,0.00676875548071604,0.0103962056379787,-0.00610029827777477,0.0260183676464638,0.41127712921972
"V7152",-0.00165793579227762,0.131222165593927,0.135854854923587,0.160207839223797,0.277295783561325,0.284373861730492,0.231605726200652,0.81015307502848,0.28455467792461,0.411405972550612,-0.0313299179354594,-0.308520200970064,0.308710337372849,0.351432729266876,0.324907029948427,-0.0860206640147549,0.260377332440696,0.131086245663752,1,0.954910844735591,0.280736980702217,0.162440869340791,0.252535861588967,-0.30456451935877,0.0861661854122518,-0.143359557824347,0.199069398984428,0.194964798801011,0.193739880124974,0.188186494272909,-0.211379009443413,-0.22340120686944,-0.215064101667073,-0.21819297141584,-0.216315795961587,-0.359607583424715,0.136014390731606,0.133812964228561,-0.355940645975172,0.108495799607276,0.087487687835535,0.0937798269200444,-0.349952466134065,-0.348930490975627,-0.353344500646599,-0.361117207724086,-0.350491800700939,-0.347148866621332,-0.352666513163363,0.160207839223797
"V7155",-0.0012838533121432,0.130448452358757,0.134200483972923,0.158297719100759,0.273573899071305,0.282933698808606,0.229189095915647,0.807788068003005,0.281648438795567,0.409376227166848,-0.0323176420028853,-0.30820457882954,0.30892887879709,0.343420936299526,0.323446988988651,-0.0871877821075946,0.261056594122521,0.129928092774461,0.954910844735591,1,0.279768817328536,0.161858324604614,0.2551110340728,-0.303869690995329,0.0867750244349701,-0.144859285539979,0.200584460584901,0.197419945386838,0.196619431596689,0.191616059257134,-0.210738505490813,-0.224851628957384,-0.214803016632176,-0.219052696706206,-0.215624437663436,-0.358850417619604,0.133539804771326,0.13187707644588,-0.355898756288497,0.108142808328802,0.086490693995995,0.0942607182600398,-0.350200558478833,-0.348038373031228,-0.352182844502668,-0.36009416325644,-0.349675787592192,-0.345913024798018,-0.351720465170641,0.158297719100759
"V7158",0.00864796505498642,0.160957931665603,0.16352680407678,0.227403482745508,0.40599115015905,0.408223372253021,0.367170217692262,0.240100662701797,0.428393993099703,0.130421203028314,0.236693977386526,0.0558837537311799,0.0923119543099386,0.510408994059479,0.479770206165994,0.228774047833934,0.744676493536577,0.162615274661799,0.280736980702217,0.279768817328536,1,0.07034930805756,0.11888888992333,0.0547646153975296,0.240419750837683,0.0344295169774857,0.0520637711016401,0.0469133517870989,0.0499595305378018,0.0460755122600343,0.0644059752982641,0.0653162901701372,0.063946804956816,0.0682865876691803,0.0641883376061365,0.0390863995525087,0.0314533312208609,0.0290476034792539,0.0469149661872851,0.310705605248161,0.243121529760655,0.267785667977514,0.0443231029093385,0.0369705635270293,0.0384018105618336,0.037403689994481,0.0382238337580271,0.0357545979862792,0.0408533430231316,0.227403482745508
"V7161",-0.000132194719788381,0.0130338792066907,0.0132346267128434,0.0242102045715154,0.0473765813275787,0.0448710961081453,0.0280868035049114,0.135554920462507,0.0331244246453565,0.383149882276894,0.220449056898472,-0.246740876306179,-0.375607667324796,0.0515387167242064,0.0469495728220406,-0.626106615225528,0.0657570905262412,0.0213171890397042,0.162440869340791,0.161858324604614,0.07034930805756,1,-0.297512054026422,-0.246585373358262,0.0203406802560647,0.215771628155925,-0.249942654286412,-0.247159599665637,-0.243200765264566,-0.24003277834688,0.383827787521133,0.352864637373086,0.383735846203396,0.347559490778134,0.390135219136033,-0.255911758583671,-0.167412667741608,-0.165751560125971,-0.256430371059672,0.0215502546444763,0.0251861614692486,0.0239481264204141,-0.259992200043216,-0.258092474548215,-0.261241721320399,-0.26407714957683,-0.260622238707419,-0.260417923613261,-0.253429151049145,0.0242102045715154
"V7601",0.00171533489054827,0.0328203200248418,0.0198869745935741,0.0341550041868457,0.0598194443816281,0.0736624678657695,0.0566645813334646,0.222099630472624,0.0690255110654858,-0.698737773316495,-0.568114878062292,-0.386850781476775,0.632662435093558,0.0731804879594803,0.0709069746461177,-0.0506485631233309,0.107885513097816,0.0166757246941377,0.252535861588967,0.2551110340728,0.11888888992333,-0.297512054026422,1,-0.386606977378223,0.0387105001493208,-0.648840919434635,0.802310756373004,0.792018451222087,0.782079573365684,0.770177853652149,-0.564483553057412,-0.529888087821405,-0.571473029928814,-0.521790264671049,-0.574396727468051,-0.401229278582689,-0.262476660999566,-0.259872306225252,-0.402042381156645,0.0511920489674129,0.0298681873971581,0.0349611177644003,-0.407626767280252,-0.40464829730262,-0.409585819585595,-0.414031323927001,-0.408614568544706,-0.408294234698826,-0.397336941491207,0.0341550041868457
"V8480",-0.00104442744623319,0.0895840033273036,0.185190597071559,0.105562611748455,0.0477096285164382,0.0502202709478058,0.0812780593651922,-0.238081515523068,0.0699373138305023,0.157535008977647,0.275450786317836,0.939949344497599,-0.488089618485268,0.0441865135074018,0.0525850364616891,0.353600675502123,0.0573500253613307,0.117253949695858,-0.30456451935877,-0.303869690995329,0.0547646153975296,-0.246585373358262,-0.386606977378223,1,0.0262034416385292,0.292260085375418,-0.32479213122228,-0.32117564469592,-0.31603127161582,-0.311914578426268,0.543180124917356,0.537459248510161,0.5507571136336,0.526308493988162,0.553519502583536,0.752173907989192,-0.217547170188471,-0.215388616322535,0.769562104095864,0.0476022493630714,0.0227874116108366,0.0338773217171044,0.778533624420845,0.734293997225922,0.756436683287976,0.765963353870654,0.758724592362004,0.742864853707111,0.756869922329586,0.105562611748455
"V7221",-0.0690282874350313,-0.103039100910518,-0.0327042440402165,-0.0891505159825145,0.0958077401313276,0.083463590529263,0.0429234855207702,0.0467962067646374,0.0840717205125895,0.0191648969188679,0.0476358742027808,0.0221086429827081,0.0348234002073286,0.137914967533172,0.104010242588281,0.0568203580752787,0.236909032770673,0.0180912371525372,0.0861661854122518,0.0867750244349701,0.240419750837683,0.0203406802560647,0.0387105001493208,0.0262034416385292,1,0.00558035997497179,0.0516181586041225,0.0277505332774706,0.0224781492801153,0.0161402698350979,0.105308988554111,0.0116492992456652,0.0963742477321737,0.00993813496857597,0.0990032917384369,0.0395155111638777,0.0177108091841927,0.0228771374457298,0.0353361021064794,0.27302058679518,0.244254180628624,0.282052039311402,0.0248766017741787,0.0830542489912318,0.0814584669743921,0.0760817799803781,0.0718091326767032,0.0711862869957556,0.0490775481804083,-0.0891505159825145
"V7552",-0.00881105182449284,0.0619071813033584,0.0838700596255583,0.0638294536653271,0.0321747334312458,0.0305617191425849,0.0328776626904204,-0.114168366285632,0.0360111219470169,0.494634287640853,0.748918145980036,0.291747609500998,-0.408113629785797,0.0388527967611932,0.0382149526146153,-0.253894032771891,0.0331520170436968,0.0649640227605655,-0.143359557824347,-0.144859285539979,0.0344295169774857,0.215771628155925,-0.648840919434635,0.292260085375418,0.00558035997497179,1,-0.564564798915884,-0.552705820885935,-0.507653247480863,-0.511145281067116,0.409177709036728,0.394145783616164,0.41459818950089,0.385747051915444,0.418214373714307,0.286510345848687,0.190621095479655,0.189642691943176,0.296382059514432,0.0648684604837238,0.0117891257530174,0.022264300784466,0.30142483224061,0.286333876092982,0.293437165930295,0.299069870160886,0.301062011083535,0.290476632364811,0.297749642719588,0.0638294536653271
"V7551",-0.00377251227476367,0.0251390926053439,0.0337743688959011,0.0284424408526646,0.0352829925743226,0.0437112711324529,0.0399763685983833,0.183104470287703,0.0483749002900579,-0.587016127075616,-0.508037864141376,-0.324996953321733,0.567512105373516,0.031539298990053,0.0324060271464273,-0.0286970618463035,0.0490660580941315,0.0279784860129567,0.199069398984428,0.200584460584901,0.0520637711016401,-0.249942654286412,0.802310756373004,-0.32479213122228,0.0516181586041225,-0.564564798915884,1,0.88925496634813,0.847980980710833,0.821098244894992,-0.474227903181577,-0.44516392983886,-0.480099827957965,-0.438360873005532,-0.482556053557559,-0.337076462984163,-0.220509093499249,-0.218321150737987,-0.337759558048014,0.0468039242381708,0.0209491211248724,0.032157396325914,-0.342451052968655,-0.339948812532186,-0.344096871100918,-0.347831580803249,-0.343280914033454,-0.343011798578759,-0.333806474253098,0.0284424408526646
"V7553",0.00111363391172735,0.0229764684266648,0.0231150633262672,0.0238239042171361,0.032151040765856,0.0383690423205415,0.0324965865419124,0.175944955151212,0.0415803335198897,-0.580479835982799,-0.492050891672474,-0.321378186147869,0.561218358374212,0.0301419712833086,0.0281982542895563,-0.0400612224542707,0.0433279124694705,0.0173774725461473,0.194964798801011,0.197419945386838,0.0469133517870989,-0.247159599665637,0.792018451222087,-0.32117564469592,0.0277505332774706,-0.552705820885935,0.88925496634813,1,0.852245455942962,0.834367915317691,-0.468947483314796,-0.440207130706366,-0.474754025544022,-0.433479824363922,-0.477182901630088,-0.333323193216981,-0.218053774884913,-0.21589019436878,-0.333998682172625,0.0227526096143648,0.0142159727712837,0.022240900366881,-0.338637938364129,-0.336163559805933,-0.340265430685733,-0.343958555244767,-0.339458559114674,-0.339192440199372,-0.33008961506687,0.0238239042171361
"V7562",-0.00140480239768691,0.0512789018050064,0.0585035664442933,0.0579896110454417,0.036776829412274,0.0483827031238596,0.047632943298058,0.180609292604974,0.0539341532657173,-0.571182104691255,-0.457986509214962,-0.316230568896518,0.563692347250817,0.032597630352751,0.0363662507283506,-0.0602430678922258,0.048688759800953,0.0423102850668137,0.193739880124974,0.196619431596689,0.0499595305378018,-0.243200765264566,0.782079573365684,-0.31603127161582,0.0224781492801153,-0.507653247480863,0.847980980710833,0.852245455942962,1,0.90235019350606,-0.461436201407261,-0.433156192223722,-0.467149738391457,-0.426536639299763,-0.46953971039199,-0.327984248964897,-0.214561137793473,-0.212432212038831,-0.328648918397777,0.0718266131591989,0.00423826168077937,0.0196704661226952,-0.333213866138258,-0.330779120493252,-0.334815290394536,-0.338449260995676,-0.334021342743636,-0.333759486340161,-0.324802464070789,0.0579896110454417
"V7563",0.00471344555927916,0.0464206970088189,0.0452973727687246,0.0522876347309686,0.0328250106797711,0.0433300669406494,0.044168807730025,0.174819560340852,0.0492582277343444,-0.563741760359651,-0.459439279543913,-0.312111279616541,0.555479375279057,0.0304098581508869,0.0331186236759718,-0.0549362332272585,0.0450749242043682,0.0313548028502428,0.188186494272909,0.191616059257134,0.0460755122600343,-0.24003277834688,0.770177853652149,-0.311914578426268,0.0161402698350979,-0.511145281067116,0.821098244894992,0.834367915317691,0.90235019350606,1,-0.455425431466572,-0.42751380393277,-0.461064542655273,-0.420980478768173,-0.463423382352324,-0.32371185365069,-0.211766216992816,-0.209665023095564,-0.32436786495264,0.0574325647459011,0.00551159443197003,0.00854134496976024,-0.328873348674963,-0.326470318564828,-0.330453912424951,-0.334040546121903,-0.329670306911621,-0.32941186150753,-0.320571515389814,0.0522876347309686
"V8512",-0.00355085357492431,-0.00854457653830452,0.0124806411525738,0.00710936303007404,0.0406053913604513,0.0324376651494777,0.0266972140382725,-0.186634787070441,0.0374592539420859,0.365137185514847,0.369580715371868,0.540074172729592,-0.712658017507681,0.0490117339313813,0.0437766870636274,-0.0787210186473243,0.0664751306647242,0.0166608678056008,-0.211379009443413,-0.210738505490813,0.0644059752982641,0.383827787521133,-0.564483553057412,0.543180124917356,0.105308988554111,0.409177709036728,-0.474227903181577,-0.468947483314796,-0.461436201407261,-0.455425431466572,1,0.739480985820615,0.946183967031123,0.741618062576633,0.957902517984778,0.571120397987233,-0.31763989470225,-0.314488197430844,0.606430830451003,0.0362967882905911,0.0574570474257463,0.0709437945700588,0.604141033854071,0.625275946610498,0.62654662464803,0.631451789377839,0.62975261409432,0.634920260455609,0.57952975427752,0.00710936303007404
"V8502",0.0225466788871492,0.058170277982278,0.0614528264468881,0.0646241298214794,0.0543191378055958,0.0503330074216846,0.072789343361447,-0.1729245431744,0.0659013336339532,0.336931429975305,0.3780022637705,0.533113276374082,-0.668981393917301,0.0562896195980109,0.0566151321277959,-0.0626538721458289,0.0653978786092731,0.0448109518075416,-0.22340120686944,-0.224851628957384,0.0653162901701372,0.352864637373086,-0.529888087821405,0.537459248510161,0.0116492992456652,0.394145783616164,-0.44516392983886,-0.440207130706366,-0.433156192223722,-0.42751380393277,0.739480985820615,1,0.745527027529663,0.894324995212462,0.760747891605752,0.595205138235239,-0.298172720016253,-0.295214180601789,0.62956669209902,0.067481275256911,0.0363457475069945,0.027300291494612,0.582661483783717,0.527024335727997,0.546539148975451,0.557130813615362,0.541431176256543,0.531562442060165,0.578246782638441,0.0646241298214794
"V8505",0.00114187368782594,-0.00989761208161029,0.00967414721558868,0.00494864266070871,0.0404653428858338,0.0316247686238314,0.0246044620711083,-0.191036174833019,0.0363080578550128,0.368087680304843,0.371320407586138,0.548279682901711,-0.721482201496054,0.0493649986919354,0.0428486288599749,-0.0767723940112199,0.0663985863444001,0.013725880919124,-0.215064101667073,-0.214803016632176,0.063946804956816,0.383735846203396,-0.571473029928814,0.5507571136336,0.0963742477321737,0.41459818950089,-0.480099827957965,-0.474754025544022,-0.467149738391457,-0.461064542655273,0.946183967031123,0.745527027529663,1,0.743043176923181,0.95095664627479,0.56894899305112,-0.321572935240687,-0.318382213421861,0.60385106844128,0.037440076617127,0.0545356792634265,0.0706887460158699,0.604401189826543,0.62494005906891,0.626859722006885,0.631986404541494,0.630558366775985,0.635778558203596,0.579357293330281,0.00494864266070871
"V8509",0.0205108903096244,0.0554147041341135,0.0558415845011538,0.0615663062349595,0.0545636278633818,0.0510205740711246,0.0721385698946071,-0.170313365304231,0.0668268024358436,0.332432330307769,0.370720017873239,0.52358285437415,-0.658757927598037,0.0578919761505609,0.0588915883876581,-0.0606248709237323,0.0675877630905823,0.0419254392469886,-0.21819297141584,-0.219052696706206,0.0682865876691803,0.347559490778134,-0.521790264671049,0.526308493988162,0.00993813496857597,0.385747051915444,-0.438360873005532,-0.433479824363922,-0.426536639299763,-0.420980478768173,0.741618062576633,0.894324995212462,0.743043176923181,1,0.76451731780112,0.60248199638656,-0.293616003210485,-0.290702676605125,0.630608876938823,0.057071848296208,0.03606518667547,0.0311063342514036,0.581407273871805,0.529131443546257,0.547754117986017,0.557793907383725,0.542903667724829,0.533489681418688,0.578982272181213,0.0615663062349595
"V8514",-0.00112512432148916,-0.0055165223391045,0.0155813891481062,0.00971203069688064,0.0409358476769467,0.0322754119564514,0.0285399150324737,-0.189190310003309,0.0381638376496029,0.370986034168413,0.377135861596772,0.549852326434962,-0.725173356855353,0.0491488384236009,0.0428702316840714,-0.0807072124455897,0.0669693470683098,0.0187757880615457,-0.216315795961587,-0.215624437663436,0.0641883376061365,0.390135219136033,-0.574396727468051,0.553519502583536,0.0990032917384369,0.418214373714307,-0.482556053557559,-0.477182901630088,-0.46953971039199,-0.463423382352324,0.957902517984778,0.760747891605752,0.95095664627479,0.76451731780112,1,0.586023475742198,-0.323218125739993,-0.320011079956532,0.626104677775019,0.0450027784883087,0.0562658254866829,0.0710336635738808,0.617311315584794,0.633780613703339,0.63607011695774,0.64239805023112,0.638856969541135,0.642338101056903,0.596585223486818,0.00971203069688064
"V8536",0.00246446519762167,0.0267040558674985,0.0256631404196164,0.0182913888054994,0.0276678219347019,0.023990140201677,0.0432325416829115,-0.296126982139287,0.0372201165957293,0.121871945632568,0.268066108080936,0.748655999633037,-0.5065502098193,0.031554482068645,0.0285283884573768,0.349130270144611,0.0412300154941682,0.0141595138513197,-0.359607583424715,-0.358850417619604,0.0390863995525087,-0.255911758583671,-0.401229278582689,0.752173907989192,0.0395155111638777,0.286510345848687,-0.337076462984163,-0.333323193216981,-0.327984248964897,-0.32371185365069,0.571120397987233,0.595205138235239,0.56894899305112,0.60248199638656,0.586023475742198,1,-0.225775268579885,-0.223535073598706,0.855321668951691,0.0413996111654681,0.035837431192104,0.039729758593884,0.859404285166331,0.836011272382171,0.855157847176682,0.865161172172345,0.846066047855451,0.840481045411361,0.860179789037277,0.0182913888054994
"V7501",0.00636133516369167,0.0121975465349437,0.0290884315547258,0.0216570487566706,0.0274507824592397,0.0247681508491086,0.0253616002873122,0.118662126618866,0.0270219018500265,0.330906667641492,0.195361511974125,-0.217684360913998,0.363632665165339,0.0319989051964,0.0307731000895916,0.233007768697006,0.0267221574692411,0.0318080958026998,0.136014390731606,0.133539804771326,0.0314533312208609,-0.167412667741608,-0.262476660999566,-0.217547170188471,0.0177108091841927,0.190621095479655,-0.220509093499249,-0.218053774884913,-0.214561137793473,-0.211766216992816,-0.31763989470225,-0.298172720016253,-0.321572935240687,-0.293616003210485,-0.323218125739993,-0.225775268579885,1,0.899783035172876,-0.226232808599563,0.0543530251738782,0.0184439171011565,0.0181349047618362,-0.229375192129909,-0.227699180694421,-0.23047756821264,-0.232979092877538,-0.229931036649964,-0.229750781957823,-0.223585016025692,0.0216570487566706
"V7507",0.0042038295792577,0.00380612359085709,0.0243856767621674,0.0159426200427265,0.02294094632039,0.0200797780173946,0.0183065622542465,0.113093598340319,0.0216896999100647,0.325532326545141,0.189786472693937,-0.215524445809621,0.360499927482966,0.0289621667592692,0.0293771182688944,0.228279660302144,0.0265614713271569,0.028305150682745,0.133812964228561,0.13187707644588,0.0290476034792539,-0.165751560125971,-0.259872306225252,-0.215388616322535,0.0228771374457298,0.189642691943176,-0.218321150737987,-0.21589019436878,-0.212432212038831,-0.209665023095564,-0.314488197430844,-0.295214180601789,-0.318382213421861,-0.290702676605125,-0.320011079956532,-0.223535073598706,0.899783035172876,1,-0.223988073799376,0.0452684143664421,0.0199504603287322,0.0227353476124252,-0.227099277865922,-0.225439896207601,-0.228190715915522,-0.23066741986806,-0.227649607166741,-0.227471141003784,-0.221366553242243,0.0159426200427265
"V8565",0.0121008925306548,0.0241226029355257,0.0317367155123099,0.0250167580170119,0.0289740858153033,0.0246308849654059,0.0442764872911265,-0.29438891911133,0.0435578867787835,0.124296455654244,0.273012405203859,0.764307248364981,-0.507576748263595,0.034640688487401,0.0332346417618417,0.352315366889323,0.0497579347829969,0.016224901414959,-0.355940645975172,-0.355898756288497,0.0469149661872851,-0.256430371059672,-0.402042381156645,0.769562104095864,0.0353361021064794,0.296382059514432,-0.337759558048014,-0.333998682172625,-0.328648918397777,-0.32436786495264,0.606430830451003,0.62956669209902,0.60385106844128,0.630608876938823,0.626104677775019,0.855321668951691,-0.226232808599563,-0.223988073799376,1,0.0508640794565521,0.0331042845981207,0.0355591298513626,0.849916581845491,0.814383949269308,0.833837180074342,0.845721764310741,0.824867475083723,0.823689523481409,0.849124880326893,0.0250167580170119
"V7202",-0.000120251847148873,0.0517814603229661,0.0892153921235971,0.0715014589665202,0.149789605123115,0.145414959528683,0.14662994184785,0.108054899164786,0.175334014904535,0.0455517180948402,0.108470200341669,0.037384534004531,0.0376768018730329,0.191348365424107,0.171927158049285,0.0960526112342307,0.294842604895656,0.089629637132328,0.108495799607276,0.108142808328802,0.310705605248161,0.0215502546444763,0.0511920489674129,0.0476022493630714,0.27302058679518,0.0648684604837238,0.0468039242381708,0.0227526096143648,0.0718266131591989,0.0574325647459011,0.0362967882905911,0.067481275256911,0.037440076617127,0.057071848296208,0.0450027784883087,0.0413996111654681,0.0543530251738782,0.0452684143664421,0.0508640794565521,1,0.178342159035035,0.261957163760916,0.0329530644048077,0.0155964408659565,0.0350586556792024,0.038259548663969,0.0194991909039612,0.0198527933153533,0.0440779865834997,0.0715014589665202
"V7215",-0.0432179882046216,-0.012176759643954,0.0035650376277444,0.00352276570152428,0.114014716157619,0.106124016103116,0.0781768140675459,0.0632078360706162,0.103931854598625,0.038841362435218,0.0691657852956029,0.0232427375269026,0.0243161499162911,0.143528677676215,0.121996549004583,0.0665493920667375,0.236950686293405,0.0284953790382316,0.087487687835535,0.086490693995995,0.243121529760655,0.0251861614692486,0.0298681873971581,0.0227874116108366,0.244254180628624,0.0117891257530174,0.0209491211248724,0.0142159727712837,0.00423826168077937,0.00551159443197003,0.0574570474257463,0.0363457475069945,0.0545356792634265,0.03606518667547,0.0562658254866829,0.035837431192104,0.0184439171011565,0.0199504603287322,0.0331042845981207,0.178342159035035,1,0.15102908019615,0.0253904556986171,0.0479242408593921,0.0445170986150013,0.0424047081698589,0.0401961126739888,0.0387334213627268,0.0353844178762933,0.00352276570152428
"V7206",-0.0208656286515204,-0.00871301557153536,0.0464965813837332,0.0110139506574924,0.127183230113343,0.119599876487315,0.0934951292017458,0.0721979494149162,0.12486103542081,0.0417563733229708,0.0843144692189449,0.0363494059281794,0.0421986313630573,0.16290674615648,0.140978930273046,0.071283912930261,0.266612397988097,0.0700115830887993,0.0937798269200444,0.0942607182600398,0.267785667977514,0.0239481264204141,0.0349611177644003,0.0338773217171044,0.282052039311402,0.022264300784466,0.032157396325914,0.022240900366881,0.0196704661226952,0.00854134496976024,0.0709437945700588,0.027300291494612,0.0706887460158699,0.0311063342514036,0.0710336635738808,0.039729758593884,0.0181349047618362,0.0227353476124252,0.0355591298513626,0.261957163760916,0.15102908019615,1,0.0266286901538116,0.0542353085591823,0.0545042500126189,0.0511653345789334,0.051526995081782,0.0507168367593805,0.0371733932986372,0.0110139506574924
