"","V507 0","V7101 1","V7104 1","V7112 1","V7115 1","V7118 1","V7127 1","V7097 1","V7133 1","V7139 1","V7142 1","V8451 1","V7426 1","V7121 1","V7124 1","V7164 1","V7145 1","V7109 1","V7152 1","V7155 1","V7158 1","V7161 1","V7601 1","V8480 1","V7221 2","V7552 4","V7551 2","V8512 3","V8502 3","V8505 3","V8509 3","V8514 3","V8536 3","V7501 3","V7507 3","V8565 3","V7202 0","V7215 2","V7206 0","V8517 1","V8526 3","V8527 3","V8528 3","V8529 3","V8530 3","V8531 3","V7112D NA"
"V507",1,0.0125257862664883,0.00180309065300868,0.0342319395637879,0.0109743088881148,0.0178257496573433,0.0153707343396398,0.0121971420384007,0.0167456296523959,0.00447006744950751,0.0112330393683888,0.00237662842348786,0.00631802839750691,0.00848524518797202,0.0214519119630477,0.0122713171065936,0.00498273092368949,-0.0122572553794883,-0.00165793579227762,-0.0012838533121432,0.00864796505498642,-0.000132194719788381,0.00171533489054827,-0.00104442744623319,-0.0448199912665959,-0.00505248075000697,-0.000804072781759227,0.00172227056576851,0.0129970012546526,0.00487514604073725,0.0113187563751134,0.0026292513652597,0.00441228786623953,0.00568614325865665,0.00466414098022686,0.008243248490227,-0.00110071948110864,-0.024318085618739,-0.0119199056248034,0.0071407613447192,0.00374508234082529,0.00177085378957487,0.00301169021542985,0.00446152955391002,0.00554430071288105,0.00334371080799105,0.0342319395637879
"V7101",0.0125257862664883,1,0.401631373941381,0.470810374016649,0.269014651183198,0.299226111595542,0.314825700308416,0.189008140784502,0.288940577118036,0.103365870580958,0.140306770743098,0.0933727801040034,0.100611079031269,0.25334124202346,0.282209592558632,0.0655047770868648,0.15336752132327,0.330357298441633,0.131222165593927,0.130448452358757,0.160957931665603,0.0130338792066907,0.0328203200248418,0.0895840033273036,-0.0357355673275209,0.0501303195925807,0.0216478813059361,0.00692791886432317,0.031434038811055,0.00550835068136513,0.0303088956562583,0.00759382228064691,0.0183648217029916,0.00306134489332417,0.000234644433849397,0.0194421696512144,0.0750715982484524,0.0401509123684729,0.0279274563773855,0.0403383576464042,0.0017697736737767,0.00744971124353549,0.00714249932781996,0.00788180119151607,0.00375022394271664,0.0187312738845247,0.470810374016649
"V7104",0.00180309065300868,0.401631373941381,1,0.445582839071654,0.258514392056182,0.271972321446368,0.296394746061431,0.188513174537069,0.275125108746052,0.106742368514673,0.140190744295598,0.193025085938566,0.0829598993254428,0.245337038465366,0.261246409081079,0.0614970751233362,0.161389915570056,0.640721709470236,0.135854854923587,0.134200483972923,0.16352680407678,0.0132346267128434,0.0198869745935741,0.185190597071559,0.0254522076202495,0.0622002337856379,0.0261613410743886,0.0247392254509695,0.0429319556931499,0.0224130509322306,0.0411922596883558,0.0251598405773049,0.0224680408681877,0.0214193870372773,0.0199667736893049,0.0285878871985825,0.102307987344354,0.0645819312955803,0.0763545435320295,0.0413824001559996,0.0100741824481151,0.0168657048225408,0.0164273547813284,0.0200644130572576,0.0108917510630999,0.0299539891902956,0.445582839071654
"V7112",0.0342319395637879,0.470810374016649,0.445582839071654,1,0.399939491225758,0.406074957517542,0.377507348195505,0.213420489076148,0.356440378967449,0.12181970359255,0.138353638186781,0.10364348562278,0.0885644041473469,0.345415413381452,0.362944019303579,0.105667439313896,0.217733919594685,0.41127712921972,0.160207839223797,0.158297719100759,0.227403482745508,0.0242102045715154,0.0341550041868457,0.105562611748455,-0.00791388361790439,0.0434811240502311,0.0239716622340335,0.0207750812387315,0.0428702478599211,0.0191887492579894,0.0415394619428913,0.0214429733595462,0.0155911803558458,0.0144497280690649,0.0124680832750771,0.0223388526181056,0.109148572015822,0.0734465229469268,0.0654154135552382,0.0418268929150208,0.00286848843276549,0.00843459776748455,0.00876448500511572,0.0119754694669334,0.00446053909670694,0.0196815441257009,1
"V7115",0.0109743088881148,0.269014651183198,0.258514392056182,0.399939491225758,1,0.698382668186913,0.456367323333488,0.275157605318426,0.498372692633369,0.147122268396091,0.150223601722856,0.0465535877314381,0.0767081702076687,0.608786814650814,0.59793934476459,0.169447263708696,0.37800432030852,0.271495385298584,0.277295783561325,0.273573899071305,0.40599115015905,0.0473765813275787,0.0598194443816281,0.0477096285164382,0.158842419750551,0.0317809556610779,0.0363087853280064,0.0497202116441469,0.0555691463012309,0.0492227813799193,0.0565925200669541,0.0491290119403857,0.0272535591922507,0.0267815976116434,0.025260621252317,0.032128881802923,0.203535339513766,0.197698001447552,0.166103790136499,0.0312302743485938,0.0218312407841238,0.0244781109045229,0.0243159895453217,0.0230176080696834,0.0209460628419228,0.027222152829741,0.399939491225758
"V7118",0.0178257496573433,0.299226111595542,0.271972321446368,0.406074957517542,0.698382668186913,1,0.48922716460023,0.308160310067632,0.515396080046422,0.156573042897816,0.160852206233897,0.0483937132289756,0.0937280976321463,0.598556608510602,0.602433792163678,0.169719838466646,0.380229054179323,0.275002909764628,0.284373861730492,0.282933698808606,0.408223372253021,0.0448710961081453,0.0736624678657695,0.0502202709478058,0.149230560077712,0.0298347212033914,0.0455381838967026,0.0420132954887259,0.0494533181963326,0.0411868132630369,0.0502348073265055,0.04104345581187,0.0221045853235994,0.0237964310979273,0.0223493045960338,0.0274036212270576,0.198690454461074,0.192594724541751,0.160485904178542,0.0307383472764414,0.0154859542488498,0.0187015604371048,0.018578669832503,0.0176730760494078,0.0154711263700653,0.0219976888849602,0.406074957517542
"V7127",0.0153707343396398,0.314825700308416,0.296394746061431,0.377507348195505,0.456367323333488,0.48922716460023,1,0.335160106840074,0.547916226732451,0.15921971996216,0.166219794488239,0.0800291525404311,0.084014059016054,0.481734052196661,0.492026753193974,0.15943758930371,0.360149262544601,0.271719859478925,0.231605726200652,0.229189095915647,0.367170217692262,0.0280868035049114,0.0566645813334646,0.0812780593651922,0.108685790424991,0.0243020516980051,0.0365225990944473,0.042217459698919,0.0604206457008949,0.0402538515529276,0.060085858573983,0.0419621096471928,0.0375829605988656,0.019986585838166,0.0178330520320041,0.0442639775588594,0.177750146885315,0.158073963514082,0.133718612114167,0.0527539368756842,0.0245282658788027,0.0296669044538594,0.0284372733988771,0.0296117213975281,0.0250397196434897,0.0380050386503205,0.377507348195505
"V7097",0.0121971420384007,0.189008140784502,0.188513174537069,0.213420489076148,0.275157605318426,0.308160310067632,0.335160106840074,1,0.347678207894302,0.378645307863537,0.00497446159565992,-0.243517298551561,0.278149426167054,0.307900771021546,0.309259875610721,-0.0589106317011211,0.234961305554818,0.169922474311186,0.81015307502848,0.807788068003005,0.240100662701797,0.135554920462507,0.222099630472624,-0.238081515523068,0.0904398937393175,-0.119310917992674,0.19041909928528,-0.188408942634046,-0.190541115445107,-0.19289625466843,-0.186812780789228,-0.189068199486902,-0.307047809336409,0.120935292552907,0.118580107227562,-0.301463877647637,0.123406075969325,0.118233622942848,0.0977462971350225,-0.285667222607831,-0.31082575877693,-0.307471689185439,-0.306742192650323,-0.306285072476033,-0.306730541145833,-0.305068954497498,0.213420489076148
"V7133",0.0167456296523959,0.288940577118036,0.275125108746052,0.356440378967449,0.498372692633369,0.515396080046422,0.547916226732451,0.347678207894302,1,0.169510690886365,0.171970632403655,0.0681403311075304,0.0886412780966264,0.53123341761822,0.541293243999273,0.171276573796254,0.420066994556042,0.260219369695927,0.28455467792461,0.281648438795567,0.428393993099703,0.0331244246453565,0.0690255110654858,0.0699373138305023,0.151835405837731,0.0302001336838216,0.0477770947662046,0.0502689315040087,0.0616670960398789,0.0488005900932976,0.0625693266897226,0.0493814464426161,0.0363055844052812,0.0234778587806524,0.0224327690901655,0.0454031825012667,0.214914799066475,0.197290873074614,0.169539330719021,0.0456858630525619,0.0281828828947863,0.0323569700448719,0.0318185456519451,0.0309517292944963,0.0285067460846384,0.0378068155446284,0.356440378967449
"V7139",0.00447006744950751,0.103365870580958,0.106742368514673,0.12181970359255,0.147122268396091,0.156573042897816,0.15921971996216,0.378645307863537,0.169510690886365,1,0.515965370211881,0.154347265700066,-0.351553974462139,0.165238313296808,0.171716731646132,0.0107488764549251,0.123810886193437,0.103344863589561,0.411405972550612,0.409376227166848,0.130421203028314,0.383149882276894,-0.698737773316495,0.157535008977647,0.0448542558410642,0.53297760558638,-0.622612787030187,0.374665255284569,0.374790144930621,0.376571079769003,0.370434615044865,0.374330347192045,0.128423728627988,0.350712092906359,0.346666980563982,0.134353558364332,0.0579177709444492,0.0688130354030739,0.0553772658432113,0.135911604157568,0.130468983948613,0.131940876364189,0.129722858093192,0.132188056109424,0.132072606037024,0.130222308821802,0.12181970359255
"V7142",0.0112330393683888,0.140306770743098,0.140190744295598,0.138353638186781,0.150223601722856,0.160852206233897,0.166219794488239,0.00497446159565992,0.171970632403655,0.515965370211881,1,0.276030173675017,-0.338004568486101,0.180417784666823,0.177425562701304,-0.184647990133145,0.231212876558202,0.118402622202128,-0.0313299179354594,-0.0323176420028853,0.236693977386526,0.220449056898472,-0.568114878062292,0.275450786317836,0.0913477239698379,0.804684057091933,-0.525872179781499,0.387847855894357,0.402333101927655,0.389086489022916,0.396634486404203,0.388319813329411,0.274984033333196,0.200707865615312,0.197741914560831,0.281373129996262,0.1320887874497,0.123454738995718,0.11220192691095,0.278260400069394,0.27128558664419,0.272578919982237,0.270791812304065,0.273019074399635,0.269973344875451,0.275656259697067,0.138353638186781
"V8451",0.00237662842348786,0.0933727801040034,0.193025085938566,0.10364348562278,0.0465535877314381,0.0483937132289756,0.0800291525404311,-0.243517298551561,0.0681403311075304,0.154347265700066,0.276030173675017,1,-0.488397420093647,0.0436659114106264,0.0521892359669438,0.353061674008763,0.0575803349831951,0.116845369988888,-0.308520200970064,-0.30820457882954,0.0558837537311799,-0.246740876306179,-0.386850781476775,0.939949344497599,0.0419951147264019,0.303487633552577,-0.344704769683267,0.566595441466064,0.583502306392701,0.57300858136341,0.574450019301907,0.566891805116887,0.782673055172631,-0.231900493788344,-0.22946456786828,0.802196942618073,0.045944274348542,0.0487504308375927,0.0451730765371623,0.7740046694971,0.779338286480076,0.783728617224458,0.778913680643176,0.784573026859052,0.777514524476247,0.787215305685938,0.10364348562278
"V7426",0.00631802839750691,0.100611079031269,0.0829598993254428,0.0885644041473469,0.0767081702076687,0.0937280976321463,0.084014059016054,0.278149426167054,0.0886412780966264,-0.351553974462139,-0.338004568486101,-0.488397420093647,1,0.0800833680802615,0.0884567764377283,0.115043150556631,0.0877387945046679,0.0775259771234349,0.308710337372849,0.30892887879709,0.0923119543099386,-0.375607667324796,0.632662435093558,-0.488089618485268,0.0606742338097999,-0.43876984716764,0.607436625639355,-0.730476718957228,-0.737276637334011,-0.737769737671772,-0.726580652437472,-0.731615790659542,-0.526342923303305,0.392881057481764,0.389993056518707,-0.528381612430652,0.0635618166976022,0.0575139507993167,0.0490332287398652,-0.514627011326693,-0.531752642883445,-0.530777956150845,-0.527206861871201,-0.529869466338567,-0.529374011637684,-0.526788312703517,0.0885644041473469
"V7121",0.00848524518797202,0.25334124202346,0.245337038465366,0.345415413381452,0.608786814650814,0.598556608510602,0.481734052196661,0.307900771021546,0.53123341761822,0.165238313296808,0.180417784666823,0.0436659114106264,0.0800833680802615,1,0.755248003542888,0.16562116603977,0.473205594959776,0.237398053268194,0.351432729266876,0.343420936299526,0.510408994059479,0.0515387167242064,0.0731804879594803,0.0441865135074018,0.207863326116102,0.0406354508673942,0.0350680282018361,0.0582015470098481,0.0620897907713238,0.0576189641607677,0.0635743211908824,0.0574117011481099,0.0330494000491446,0.0342375061231729,0.0332347157974858,0.0404348423070026,0.251247705840026,0.245349891830876,0.210950342200855,0.0351640652424302,0.0288970818517863,0.029656326190988,0.0296737304459686,0.0293061141826326,0.0285701978689296,0.0318478262464056,0.345415413381452
"V7124",0.0214519119630477,0.282209592558632,0.261246409081079,0.362944019303579,0.59793934476459,0.602433792163678,0.492026753193974,0.309259875610721,0.541293243999273,0.171716731646132,0.177425562701304,0.0521892359669438,0.0884567764377283,0.755248003542888,1,0.172583440791523,0.440426203592135,0.251007896348534,0.324907029948427,0.323446988988651,0.479770206165994,0.0469495728220406,0.0709069746461177,0.0525850364616891,0.173241779337679,0.0393170824897373,0.0346597574187194,0.05361840206201,0.0585610184168957,0.0518307722003278,0.0605425738471722,0.0518980633227625,0.0286879301182926,0.0324564555917268,0.0324380501155048,0.0372507633107706,0.228616709109936,0.217822305213305,0.184982672037812,0.0366916246401506,0.0240887200960315,0.0258184665859057,0.0264402431876684,0.0254118804837111,0.0245155149766076,0.0289097074076808,0.362944019303579
"V7164",0.0122713171065936,0.0655047770868648,0.0614970751233362,0.105667439313896,0.169447263708696,0.169719838466646,0.15943758930371,-0.0589106317011211,0.171276573796254,0.0107488764549251,-0.184647990133145,0.353061674008763,0.115043150556631,0.16562116603977,0.172583440791523,1,0.219436334149021,0.0554388755702292,-0.0860206640147549,-0.0871877821075946,0.228774047833934,-0.626106615225528,-0.0506485631233309,0.353600675502123,0.0921332809487462,-0.28038244974827,-0.0444248510703425,-0.0765635405575447,-0.0720964998362481,-0.0758137599745768,-0.0705124659616645,-0.077285621070106,0.363311021597548,0.247132075319306,0.243986796638359,0.368596540966777,0.127295265189761,0.117222259202862,0.0996782948844094,0.360991019920864,0.364038570420839,0.365054802533637,0.362716744681191,0.364238586567662,0.362537512893497,0.364400560167621,0.105667439313896
"V7145",0.00498273092368949,0.15336752132327,0.161389915570056,0.217733919594685,0.37800432030852,0.380229054179323,0.360149262544601,0.234961305554818,0.420066994556042,0.123810886193437,0.231212876558202,0.0575803349831951,0.0877387945046679,0.473205594959776,0.440426203592135,0.219436334149021,1,0.156413457119075,0.260377332440696,0.261056594122521,0.744676493536577,0.0657570905262412,0.107885513097816,0.0573500253613307,0.340229391104921,0.0337160691967225,0.0544133279587463,0.075868994916196,0.0764321695675027,0.0749307156516038,0.0793600673435516,0.0747222853671963,0.0472053231949535,0.0310346492647343,0.031235306502955,0.0573139661389357,0.402840484146773,0.393595480939155,0.345919054499346,0.0483900035454076,0.0456704592030195,0.0468540384144393,0.0457899416284215,0.0473504967266828,0.0455867024721683,0.0473390736659021,0.217733919594685
"V7109",-0.0122572553794883,0.330357298441633,0.640721709470236,0.41127712921972,0.271495385298584,0.275002909764628,0.271719859478925,0.169922474311186,0.260219369695927,0.103344863589561,0.118402622202128,0.116845369988888,0.0775259771234349,0.237398053268194,0.251007896348534,0.0554388755702292,0.156413457119075,1,0.131086245663752,0.129928092774461,0.162615274661799,0.0213171890397042,0.0166757246941377,0.117253949695858,0.062133814650659,0.0519639090599189,0.0226917763656865,0.0250162322880957,0.0352396188938791,0.0231006391402948,0.034905769295765,0.0254205843511168,0.0125904065812128,0.0278358628175826,0.0273022808626632,0.0160743754045711,0.107392945498883,0.0810287247472954,0.0905966450484599,0.0220350031196393,0.00457563085855272,0.00990395731468029,0.00952829733512304,0.010817989379287,0.00388846986826277,0.0177071804092494,0.41127712921972
"V7152",-0.00165793579227762,0.131222165593927,0.135854854923587,0.160207839223797,0.277295783561325,0.284373861730492,0.231605726200652,0.81015307502848,0.28455467792461,0.411405972550612,-0.0313299179354594,-0.308520200970064,0.308710337372849,0.351432729266876,0.324907029948427,-0.0860206640147549,0.260377332440696,0.131086245663752,1,0.954910844735591,0.280736980702217,0.162440869340791,0.252535861588967,-0.30456451935877,0.127668590167162,-0.144854229443344,0.212424090836792,-0.219667994400796,-0.232824668366309,-0.223522754028985,-0.227282443383155,-0.221195244258421,-0.368040086574896,0.145200497583858,0.144007015948002,-0.361139456802903,0.139969384096182,0.145889345506908,0.120887733925318,-0.349952466134065,-0.366974788120265,-0.366030204406264,-0.365274921538456,-0.364434095744743,-0.362600313679932,-0.367010582527518,0.160207839223797
"V7155",-0.0012838533121432,0.130448452358757,0.134200483972923,0.158297719100759,0.273573899071305,0.282933698808606,0.229189095915647,0.807788068003005,0.281648438795567,0.409376227166848,-0.0323176420028853,-0.30820457882954,0.30892887879709,0.343420936299526,0.323446988988651,-0.0871877821075946,0.261056594122521,0.129928092774461,0.954910844735591,1,0.279768817328536,0.161858324604614,0.2551110340728,-0.303869690995329,0.128254635094457,-0.146199482258162,0.214099552089828,-0.219215703557065,-0.233280150712101,-0.223245453693873,-0.227375791233084,-0.220644405087821,-0.367197886261493,0.14306556446732,0.142160400285703,-0.3606254824331,0.139104482473488,0.145898910580777,0.12148364242708,-0.350200558478833,-0.366008436744153,-0.365005474683081,-0.364297651134082,-0.363522302167268,-0.361548359761149,-0.365993464216873,0.158297719100759
"V7158",0.00864796505498642,0.160957931665603,0.16352680407678,0.227403482745508,0.40599115015905,0.408223372253021,0.367170217692262,0.240100662701797,0.428393993099703,0.130421203028314,0.236693977386526,0.0558837537311799,0.0923119543099386,0.510408994059479,0.479770206165994,0.228774047833934,0.744676493536577,0.162615274661799,0.280736980702217,0.279768817328536,1,0.07034930805756,0.11888888992333,0.0547646153975296,0.347415206448909,0.0363573216939468,0.057372067947083,0.0744026664859483,0.0758576301695977,0.0731425739119737,0.0786254251310344,0.0730733283892126,0.0441298296811337,0.0346305635980654,0.034122726081636,0.0543857075528299,0.415113994499328,0.404319620130216,0.35179346288626,0.0443231029093385,0.0424908913999914,0.0434756307014188,0.0423225571280208,0.0432745423584985,0.042784247196757,0.0455853992434847,0.227403482745508
"V7161",-0.000132194719788381,0.0130338792066907,0.0132346267128434,0.0242102045715154,0.0473765813275787,0.0448710961081453,0.0280868035049114,0.135554920462507,0.0331244246453565,0.383149882276894,0.220449056898472,-0.246740876306179,-0.375607667324796,0.0515387167242064,0.0469495728220406,-0.626106615225528,0.0657570905262412,0.0213171890397042,0.162440869340791,0.161858324604614,0.07034930805756,1,-0.297512054026422,-0.246585373358262,0.0307153860887367,0.229413511205798,-0.265099177697617,0.393419564841583,0.392308129130765,0.393959879262733,0.387881656412141,0.393798732882288,-0.265911138737203,-0.178345748645861,-0.176472371729915,-0.266941094918587,0.0294557530256807,0.0407206429032115,0.0324682221578072,-0.259992200043216,-0.268644156756665,-0.268151740030794,-0.266347604923442,-0.267692766327875,-0.267442460077194,-0.266136151741744,0.0242102045715154
"V7601",0.00171533489054827,0.0328203200248418,0.0198869745935741,0.0341550041868457,0.0598194443816281,0.0736624678657695,0.0566645813334646,0.222099630472624,0.0690255110654858,-0.698737773316495,-0.568114878062292,-0.386850781476775,0.632662435093558,0.0731804879594803,0.0709069746461177,-0.0506485631233309,0.107885513097816,0.0166757246941377,0.252535861588967,0.2551110340728,0.11888888992333,-0.297512054026422,1,-0.386606977378223,0.0555718751272961,-0.694605563095106,0.852111943339916,-0.578597424869711,-0.583983517485705,-0.584374093363383,-0.575511420898674,-0.579499663006254,-0.416906729698965,-0.279618007642555,-0.276680848081546,-0.418521538560878,0.0693554870517799,0.0547114130376262,0.048035602391677,-0.407626767280252,-0.421191670939536,-0.420419639170553,-0.417591039845556,-0.419700040787384,-0.419307600061169,-0.417259514604137,0.0341550041868457
"V8480",-0.00104442744623319,0.0895840033273036,0.185190597071559,0.105562611748455,0.0477096285164382,0.0502202709478058,0.0812780593651922,-0.238081515523068,0.0699373138305023,0.157535008977647,0.275450786317836,0.939949344497599,-0.488089618485268,0.0441865135074018,0.0525850364616891,0.353600675502123,0.0573500253613307,0.117253949695858,-0.30456451935877,-0.303869690995329,0.0547646153975296,-0.246585373358262,-0.386606977378223,1,0.0451532137584261,0.303564464146637,-0.344487527171004,0.570165298458009,0.587729608548258,0.576317968595064,0.578187237870997,0.570730482794857,0.787517079707085,-0.231754343661347,-0.229319952929401,0.807247319429841,0.0477169829251867,0.0481371080207627,0.0444376947714931,0.778533624420845,0.78246283828806,0.787383483822412,0.782794819413959,0.788272263838899,0.780592917948847,0.792242524765877,0.105562611748455
"V7221",-0.0448199912665959,-0.0357355673275209,0.0254522076202495,-0.00791388361790439,0.158842419750551,0.149230560077712,0.108685790424991,0.0904398937393175,0.151835405837731,0.0448542558410642,0.0913477239698379,0.0419951147264019,0.0606742338097999,0.207863326116102,0.173241779337679,0.0921332809487462,0.340229391104921,0.062133814650659,0.127668590167162,0.128254635094457,0.347415206448909,0.0307153860887367,0.0555718751272961,0.0451532137584261,1,0.0264053759289556,0.0694364142456983,0.108240919884207,0.083073235639395,0.104473690151373,0.0850622966095012,0.106099400000928,0.0687659875945641,0.0380262365161805,0.0401866638600617,0.0703182885306379,0.39372965502042,0.44658292323887,0.373610611269697,0.0415576011695005,0.0777239095884502,0.0779988045793159,0.076553385017484,0.0744301856226181,0.074742667042261,0.0690906977868195,-0.00791388361790439
"V7552",-0.00505248075000697,0.0501303195925807,0.0622002337856379,0.0434811240502311,0.0317809556610779,0.0298347212033914,0.0243020516980051,-0.119310917992674,0.0302001336838216,0.53297760558638,0.804684057091933,0.303487633552577,-0.43876984716764,0.0406354508673942,0.0393170824897373,-0.28038244974827,0.0337160691967225,0.0519639090599189,-0.144854229443344,-0.146199482258162,0.0363573216939468,0.229413511205798,-0.694605563095106,0.303564464146637,0.0264053759289556,1,-0.634121961863689,0.448239504110927,0.453643480307684,0.45245243416502,0.446738878894819,0.449154345223552,0.321109068151367,0.214972040303279,0.213220830600381,0.32497794284467,0.0375347835479749,0.0339478811425604,0.0350608428517013,0.316896294276779,0.323604099333026,0.3241241402368,0.32231511564595,0.325351202257218,0.322963948812529,0.324525124904663,0.0434811240502311
"V7551",-0.000804072781759227,0.0216478813059361,0.0261613410743886,0.0239716622340335,0.0363087853280064,0.0455381838967026,0.0365225990944473,0.19041909928528,0.0477770947662046,-0.622612787030187,-0.525872179781499,-0.344704769683267,0.607436625639355,0.0350680282018361,0.0346597574187194,-0.0444248510703425,0.0544133279587463,0.0226917763656865,0.212424090836792,0.214099552089828,0.057372067947083,-0.265099177697617,0.852111943339916,-0.344487527171004,0.0694364142456983,-0.634121961863689,1,-0.515561300710515,-0.520360597761438,-0.520708621791388,-0.512811505856754,-0.516365243222584,-0.371486229630154,-0.249154623795189,-0.246537457284279,-0.372925110830557,0.052900459000008,0.0475010303414382,0.042208142022365,-0.363217285992506,-0.375304341817491,-0.374616420154002,-0.372095986628892,-0.373975219446102,-0.373625533736206,-0.371800579879159,0.0239716622340335
"V8512",0.00172227056576851,0.00692791886432317,0.0247392254509695,0.0207750812387315,0.0497202116441469,0.0420132954887259,0.042217459698919,-0.188408942634046,0.0502689315040087,0.374665255284569,0.387847855894357,0.566595441466064,-0.730476718957228,0.0582015470098481,0.05361840206201,-0.0765635405575447,0.075868994916196,0.0250162322880957,-0.219667994400796,-0.219215703557065,0.0744026664859483,0.393419564841583,-0.578597424869711,0.570165298458009,0.108240919884207,0.448239504110927,-0.515561300710515,1,0.9394948754276,0.969504811212815,0.949360541779834,0.980258149215916,0.665332902369075,-0.34684440346673,-0.343201085339927,0.696744408357211,0.063320870466119,0.089585322266907,0.0779749608951234,0.636269599832878,0.673774215671371,0.672902140581461,0.668467654911177,0.673169600968954,0.673366635719512,0.664453543873564,0.0207750812387315
"V8502",0.0129970012546526,0.031434038811055,0.0429319556931499,0.0428702478599211,0.0555691463012309,0.0494533181963326,0.0604206457008949,-0.190541115445107,0.0616670960398789,0.374790144930621,0.402333101927655,0.583502306392701,-0.737276637334011,0.0620897907713238,0.0585610184168957,-0.0720964998362481,0.0764321695675027,0.0352396188938791,-0.232824668366309,-0.233280150712101,0.0758576301695977,0.392308129130765,-0.583983517485705,0.587729608548258,0.083073235639395,0.453643480307684,-0.520360597761438,0.9394948754276,1,0.947233756128314,0.965600440856707,0.939798059024173,0.665646522180539,-0.350073135569766,-0.346395902240411,0.695840403884655,0.0654281327908188,0.0849842146670188,0.0683865878262094,0.639600687609632,0.658175532911693,0.660249472477943,0.656185364124258,0.658605038150111,0.656587950908298,0.663981683687546,0.0428702478599211
"V8505",0.00487514604073725,0.00550835068136513,0.0224130509322306,0.0191887492579894,0.0492227813799193,0.0411868132630369,0.0402538515529276,-0.19289625466843,0.0488005900932976,0.376571079769003,0.389086489022916,0.57300858136341,-0.737769737671772,0.0576189641607677,0.0518307722003278,-0.0758137599745768,0.0749307156516038,0.0231006391402948,-0.223522754028985,-0.223245453693873,0.0731425739119737,0.393959879262733,-0.584374093363383,0.576317968595064,0.104473690151373,0.45245243416502,-0.520708621791388,0.969504811212815,0.947233756128314,1,0.945980924669254,0.968748461192794,0.660232867871481,-0.350307269099366,-0.346627576387867,0.689497068508856,0.0636055923404662,0.0880245415997216,0.0777606996203234,0.632429002583741,0.66989485325794,0.66884551151966,0.664264334877576,0.668958008989198,0.669398473288507,0.659901597541581,0.0191887492579894
"V8509",0.0113187563751134,0.0303088956562583,0.0411922596883558,0.0415394619428913,0.0565925200669541,0.0502348073265055,0.060085858573983,-0.186812780789228,0.0625693266897226,0.370434615044865,0.396634486404203,0.574450019301907,-0.726580652437472,0.0635743211908824,0.0605425738471722,-0.0705124659616645,0.0793600673435516,0.034905769295765,-0.227282443383155,-0.227375791233084,0.0786254251310344,0.387881656412141,-0.575511420898674,0.578187237870997,0.0850622966095012,0.446738878894819,-0.512811505856754,0.949360541779834,0.965600440856707,0.945980924669254,1,0.949779831743668,0.669311837872678,-0.344994476107183,-0.341370589961449,0.702159610027947,0.0657475592827039,0.0852781477413466,0.0691423489627663,0.640485772090035,0.661363861690106,0.663435120291443,0.659725166918973,0.662312409352937,0.660318424893761,0.667368522627105,0.0415394619428913
"V8514",0.0026292513652597,0.00759382228064691,0.0251598405773049,0.0214429733595462,0.0491290119403857,0.04104345581187,0.0419621096471928,-0.189068199486902,0.0493814464426161,0.374330347192045,0.388319813329411,0.566891805116887,-0.731615790659542,0.0574117011481099,0.0518980633227625,-0.077285621070106,0.0747222853671963,0.0254205843511168,-0.221195244258421,-0.220644405087821,0.0730733283892126,0.393798732882288,-0.579499663006254,0.570730482794857,0.106099400000928,0.449154345223552,-0.516365243222584,0.980258149215916,0.939798059024173,0.968748461192794,0.949779831743668,1,0.668753808524972,-0.347385256631303,-0.343736257282261,0.701218671380091,0.0643352832981718,0.0883010514112543,0.0779910887905836,0.639133946658717,0.676272273729714,0.675429710658673,0.671266406565165,0.675770749910488,0.675874341202544,0.668314296426807,0.0214429733595462
"V8536",0.00441228786623953,0.0183648217029916,0.0224680408681877,0.0155911803558458,0.0272535591922507,0.0221045853235994,0.0375829605988656,-0.307047809336409,0.0363055844052812,0.128423728627988,0.274984033333196,0.782673055172631,-0.526342923303305,0.0330494000491446,0.0286879301182926,0.363311021597548,0.0472053231949535,0.0125904065812128,-0.368040086574896,-0.367197886261493,0.0441298296811337,-0.265911138737203,-0.416906729698965,0.787517079707085,0.0687659875945641,0.321109068151367,-0.371486229630154,0.665332902369075,0.665646522180539,0.660232867871481,0.669311837872678,0.668753808524972,1,-0.24991774893617,-0.247292566416838,0.936256740095071,0.0491561059826316,0.0616005077667132,0.0523623274313953,0.90586078397299,0.960174442503433,0.961292613582178,0.955546676501138,0.960568919742073,0.959889245578547,0.962620078938725,0.0155911803558458
"V7501",0.00568614325865665,0.00306134489332417,0.0214193870372773,0.0144497280690649,0.0267815976116434,0.0237964310979273,0.019986585838166,0.120935292552907,0.0234778587806524,0.350712092906359,0.200707865615312,-0.231900493788344,0.392881057481764,0.0342375061231729,0.0324564555917268,0.247132075319306,0.0310346492647343,0.0278358628175826,0.145200497583858,0.14306556446732,0.0346305635980654,-0.178345748645861,-0.279618007642555,-0.231754343661347,0.0380262365161805,0.214972040303279,-0.249154623795189,-0.34684440346673,-0.350073135569766,-0.350307269099366,-0.344994476107183,-0.347385256631303,-0.24991774893617,1,0.976492702143248,-0.250885757766401,0.040167965132466,0.035718887358175,0.0278191237359784,-0.244354808468474,-0.252486387897552,-0.252023587880026,-0.250327963593855,-0.251592219434164,-0.251356968007646,-0.250129228394471,0.0144497280690649
"V7507",0.00466414098022686,0.000234644433849397,0.0199667736893049,0.0124680832750771,0.025260621252317,0.0223493045960338,0.0178330520320041,0.118580107227562,0.0224327690901655,0.346666980563982,0.197741914560831,-0.22946456786828,0.389993056518707,0.0332347157974858,0.0324380501155048,0.243986796638359,0.031235306502955,0.0273022808626632,0.144007015948002,0.142160400285703,0.034122726081636,-0.176472371729915,-0.276680848081546,-0.229319952929401,0.0401866638600617,0.213220830600381,-0.246537457284279,-0.343201085339927,-0.346395902240411,-0.346627576387867,-0.341370589961449,-0.343736257282261,-0.247292566416838,0.976492702143248,1,-0.248250407102267,0.0399939520130009,0.0362834556738551,0.0303595245728628,-0.241788060110517,-0.249834223916805,-0.249376285236743,-0.247698472103459,-0.248949447965271,-0.248716667663494,-0.247501824455574,0.0124680832750771
"V8565",0.008243248490227,0.0194421696512144,0.0285878871985825,0.0223388526181056,0.032128881802923,0.0274036212270576,0.0442639775588594,-0.301463877647637,0.0454031825012667,0.134353558364332,0.281373129996262,0.802196942618073,-0.528381612430652,0.0404348423070026,0.0372507633107706,0.368596540966777,0.0573139661389357,0.0160743754045711,-0.361139456802903,-0.3606254824331,0.0543857075528299,-0.266941094918587,-0.418521538560878,0.807247319429841,0.0703182885306379,0.32497794284467,-0.372925110830557,0.696744408357211,0.695840403884655,0.689497068508856,0.702159610027947,0.701218671380091,0.936256740095071,-0.250885757766401,-0.248250407102267,1,0.0541469615040119,0.0652157789919863,0.0570277251163363,0.896941777837817,0.932389952843745,0.934029975274064,0.92806011281166,0.931651190695659,0.930888704562792,0.935523061707974,0.0223388526181056
"V7202",-0.00110071948110864,0.0750715982484524,0.102307987344354,0.109148572015822,0.203535339513766,0.198690454461074,0.177750146885315,0.123406075969325,0.214914799066475,0.0579177709444492,0.1320887874497,0.045944274348542,0.0635618166976022,0.251247705840026,0.228616709109936,0.127295265189761,0.402840484146773,0.107392945498883,0.139969384096182,0.139104482473488,0.415113994499328,0.0294557530256807,0.0693554870517799,0.0477169829251867,0.39372965502042,0.0375347835479749,0.052900459000008,0.063320870466119,0.0654281327908188,0.0636055923404662,0.0657475592827039,0.0643352832981718,0.0491561059826316,0.040167965132466,0.0399939520130009,0.0541469615040119,1,0.413243689345102,0.488578724645974,0.039153953443721,0.0445609518882511,0.0473059301771921,0.0477448336669489,0.0450857682160459,0.0451067604085473,0.0484667457307666,0.109148572015822
"V7215",-0.024318085618739,0.0401509123684729,0.0645819312955803,0.0734465229469268,0.197698001447552,0.192594724541751,0.158073963514082,0.118233622942848,0.197290873074614,0.0688130354030739,0.123454738995718,0.0487504308375927,0.0575139507993167,0.245349891830876,0.217822305213305,0.117222259202862,0.393595480939155,0.0810287247472954,0.145889345506908,0.145898910580777,0.404319620130216,0.0407206429032115,0.0547114130376262,0.0481371080207627,0.44658292323887,0.0339478811425604,0.0475010303414382,0.089585322266907,0.0849842146670188,0.0880245415997216,0.0852781477413466,0.0883010514112543,0.0616005077667132,0.035718887358175,0.0362834556738551,0.0652157789919863,0.413243689345102,1,0.384689300692001,0.0463283340893201,0.0623842552841975,0.0618030800442963,0.0611010421843503,0.0607312415844556,0.0603867299373099,0.0603254940443764,0.0734465229469268
"V7206",-0.0119199056248034,0.0279274563773855,0.0763545435320295,0.0654154135552382,0.166103790136499,0.160485904178542,0.133718612114167,0.0977462971350225,0.169539330719021,0.0553772658432113,0.11220192691095,0.0451730765371623,0.0490332287398652,0.210950342200855,0.184982672037812,0.0996782948844094,0.345919054499346,0.0905966450484599,0.120887733925318,0.12148364242708,0.35179346288626,0.0324682221578072,0.048035602391677,0.0444376947714931,0.373610611269697,0.0350608428517013,0.042208142022365,0.0779749608951234,0.0683865878262094,0.0777606996203234,0.0691423489627663,0.0779910887905836,0.0523623274313953,0.0278191237359784,0.0303595245728628,0.0570277251163363,0.488578724645974,0.384689300692001,1,0.0361408202229857,0.0535091192701147,0.0545422509369646,0.0534703929124833,0.0534364479225157,0.0535811099036844,0.0513197441970064,0.0654154135552382
"V8517",0.0071407613447192,0.0403383576464042,0.0413824001559996,0.0418268929150208,0.0312302743485938,0.0307383472764414,0.0527539368756842,-0.285667222607831,0.0456858630525619,0.135911604157568,0.278260400069394,0.7740046694971,-0.514627011326693,0.0351640652424302,0.0366916246401506,0.360991019920864,0.0483900035454076,0.0220350031196393,-0.349952466134065,-0.350200558478833,0.0443231029093385,-0.259992200043216,-0.407626767280252,0.778533624420845,0.0415576011695005,0.316896294276779,-0.363217285992506,0.636269599832878,0.639600687609632,0.632429002583741,0.640485772090035,0.639133946658717,0.90586078397299,-0.244354808468474,-0.241788060110517,0.896941777837817,0.039153953443721,0.0463283340893201,0.0361408202229857,1,0.903173434363167,0.903259370883407,0.899700513793762,0.906645540617255,0.901453393774337,0.904477530329748,0.0418268929150208
"V8526",0.00374508234082529,0.0017697736737767,0.0100741824481151,0.00286848843276549,0.0218312407841238,0.0154859542488498,0.0245282658788027,-0.31082575877693,0.0281828828947863,0.130468983948613,0.27128558664419,0.779338286480076,-0.531752642883445,0.0288970818517863,0.0240887200960315,0.364038570420839,0.0456704592030195,0.00457563085855272,-0.366974788120265,-0.366008436744153,0.0424908913999914,-0.268644156756665,-0.421191670939536,0.78246283828806,0.0777239095884502,0.323604099333026,-0.375304341817491,0.673774215671371,0.658175532911693,0.66989485325794,0.661363861690106,0.676272273729714,0.960174442503433,-0.252486387897552,-0.249834223916805,0.932389952843745,0.0445609518882511,0.0623842552841975,0.0535091192701147,0.903173434363167,1,0.977899432735469,0.969679182788656,0.973868897835351,0.975733564000789,0.96029375476117,0.00286848843276549
"V8527",0.00177085378957487,0.00744971124353549,0.0168657048225408,0.00843459776748455,0.0244781109045229,0.0187015604371048,0.0296669044538594,-0.307471689185439,0.0323569700448719,0.131940876364189,0.272578919982237,0.783728617224458,-0.530777956150845,0.029656326190988,0.0258184665859057,0.365054802533637,0.0468540384144393,0.00990395731468029,-0.366030204406264,-0.365005474683081,0.0434756307014188,-0.268151740030794,-0.420419639170553,0.787383483822412,0.0779988045793159,0.3241241402368,-0.374616420154002,0.672902140581461,0.660249472477943,0.66884551151966,0.663435120291443,0.675429710658673,0.961292613582178,-0.252023587880026,-0.249376285236743,0.934029975274064,0.0473059301771921,0.0618030800442963,0.0545422509369646,0.903259370883407,0.977899432735469,1,0.976142315690154,0.975267837470158,0.974129999773025,0.964894003258645,0.00843459776748455
"V8528",0.00301169021542985,0.00714249932781996,0.0164273547813284,0.00876448500511572,0.0243159895453217,0.018578669832503,0.0284372733988771,-0.306742192650323,0.0318185456519451,0.129722858093192,0.270791812304065,0.778913680643176,-0.527206861871201,0.0296737304459686,0.0264402431876684,0.362716744681191,0.0457899416284215,0.00952829733512304,-0.365274921538456,-0.364297651134082,0.0423225571280208,-0.266347604923442,-0.417591039845556,0.782794819413959,0.076553385017484,0.32231511564595,-0.372095986628892,0.668467654911177,0.656185364124258,0.664264334877576,0.659725166918973,0.671266406565165,0.955546676501138,-0.250327963593855,-0.247698472103459,0.92806011281166,0.0477448336669489,0.0611010421843503,0.0534703929124833,0.899700513793762,0.969679182788656,0.976142315690154,1,0.971275397811908,0.968248597470265,0.959448917806147,0.00876448500511572
"V8529",0.00446152955391002,0.00788180119151607,0.0200644130572576,0.0119754694669334,0.0230176080696834,0.0176730760494078,0.0296117213975281,-0.306285072476033,0.0309517292944963,0.132188056109424,0.273019074399635,0.784573026859052,-0.529869466338567,0.0293061141826326,0.0254118804837111,0.364238586567662,0.0473504967266828,0.010817989379287,-0.364434095744743,-0.363522302167268,0.0432745423584985,-0.267692766327875,-0.419700040787384,0.788272263838899,0.0744301856226181,0.325351202257218,-0.373975219446102,0.673169600968954,0.658605038150111,0.668958008989198,0.662312409352937,0.675770749910488,0.960568919742073,-0.251592219434164,-0.248949447965271,0.931651190695659,0.0450857682160459,0.0607312415844556,0.0534364479225157,0.906645540617255,0.973868897835351,0.975267837470158,0.971275397811908,1,0.976754951720707,0.965537171417002,0.0119754694669334
"V8530",0.00554430071288105,0.00375022394271664,0.0108917510630999,0.00446053909670694,0.0209460628419228,0.0154711263700653,0.0250397196434897,-0.306730541145833,0.0285067460846384,0.132072606037024,0.269973344875451,0.777514524476247,-0.529374011637684,0.0285701978689296,0.0245155149766076,0.362537512893497,0.0455867024721683,0.00388846986826277,-0.362600313679932,-0.361548359761149,0.042784247196757,-0.267442460077194,-0.419307600061169,0.780592917948847,0.074742667042261,0.322963948812529,-0.373625533736206,0.673366635719512,0.656587950908298,0.669398473288507,0.660318424893761,0.675874341202544,0.959889245578547,-0.251356968007646,-0.248716667663494,0.930888704562792,0.0451067604085473,0.0603867299373099,0.0535811099036844,0.901453393774337,0.975733564000789,0.974129999773025,0.968248597470265,0.976754951720707,1,0.958031725051648,0.00446053909670694
